0000000 000407 005444 005444 007200 003030 000000 000000 000000
0000020 000167 011772 004767 000532 116700 021160 104404 021216
0000040 001000 116700 021146 104406 116700 021143 104406 105767
0000060 021137 001026 004567 000162 005567 010001 016767 005550
0000100 005366 162767 022244 005360 104400 005444 010100 104406
0000120 104413 000136 005452 012700 000136 004567 000034 005077
0000140 104412 005541 104412 005554 104412 005567 104401 066057
0000160 061151 060457 031163 026400 000147 010446 010004 010467
0000200 005306 005000 105724 001402 005200 000774 010067 005272
0000220 012700 000001 104400 005466 010567 005262 012700 000001
0000240 104400 005474 005725 012604 000205 010446 012504 010467
0000260 005242 104400 005502 103007 010467 005236 104400 005510
0000300 103402 012604 000205 105264 000011 126427 000011 000172
0000320 101760 010400 004567 177642 005077 104401 105267 020661
0000340 010046 010146 012500 005777 021676 001411 010046 017700
0000360 021666 005077 021662 004567 177600 000012 012600 010246
0000400 010346 016703 021630 110067 005124 012700 005524 012701
0000420 000004 005002 071227 000012 062703 000060 110340 010203
0000440 077110 012700 000001 104404 005516 000007 012603 012602
0000460 012601 012600 000205 020025 002402 022500 002401 005725
0000500 000205 005767 021534 001403 020427 000012 001021 010477
0000520 005124 062767 000002 005116 026727 005112 022216 103410
0000540 012767 021216 005100 116700 020442 104404 021216 001000
0000560 000207 004767 001574 004767 000470 000564 005767 021442
0000600 001416 020427 000200 101765 121427 000021 001002 005267
0000620 021420 121427 000022 001355 005367 021406 000752 010446
0000640 004767 001516 020427 000075 001471 020427 000072 001406
0000660 010467 021370 012604 004767 002214 000524 012604 020427
0000700 000200 103007 020427 000001 001420 004567 177416 000170
0000720 000720 132714 000037 001403 004567 177400 000155 156714
0000740 004720 016764 004716 000002 000704 016700 021300 004767
0000760 000256 116760 004674 013110 006300 116767 004664 021260
0001000 016767 004660 021254 110067 021247 016760 004646 005602
0001020 116700 020173 104404 022240 000004 000653 004767 001322
0001040 004767 003256 012601 020127 000200 103004 004567 177254
0001060 000170 000430 020127 005642 001005 042703 000040 020367
0001100 004560 001012 142711 000037 042703 177740 001001 005002
0001120 150311 010261 000002 000406 004567 177200 000056 112767
0001140 000002 004516 020427 000073 001431 020427 000012 001003
0001160 005267 021052 000423 020427 000004 001007 005767 021042
0001200 001403 004567 177126 000170 000207 004567 177116 000170
0001220 004767 000036 000403 004767 001130 000772 000167 177322
0001240 020027 000011 101001 000207 004567 177060 000146 005000
0001260 000207 020427 000012 001410 020427 000073 001405 020427
0001300 000004 001402 062716 000002 000207 010146 010246 010346
0001320 012705 000010 012702 021214 005042 005042 005042 005042
0001340 005046 005046 020027 000176 001004 005266 000002 005067
0001360 017640 004767 000476 116003 005244 003406 060316 000316
0001400 005305 002767 110322 000765 010067 017606 012601 005000
0001420 005726 001403 016704 004220 000434 071027 003021 073027
0001440 000001 062701 013132 160001 020127 013132 101002 062701
0001460 006042 012702 021204 014104 001411 022224 001364 022224
0001500 001362 022224 001360 022224 001356 000433 016704 004130
0001520 010411 012702 021204 010446 062704 000020 020467 004010
0001540 101405 062767 001000 004000 104400 005526 012604 012224
0001560 012224 012224 012224 005024 005024 010467 004052 162704
0001600 000004 010446 010403 162703 000010 020327 022244 103411
0001620 162703 022244 005002 071227 000003 010204 062704 004000
0001640 000410 162703 005632 005002 071227 000003 010204 062704
0001660 001000 004767 176614 012604 012603 012602 012601 005726
0001700 000207 010246 010346 010546 005001 005005 004767 000144
0001720 004567 176542 000060 000071 000411 162700 000060 070527
0001740 000012 060005 072127 000003 060001 000760 020027 000142
0001760 001417 020027 000146 001414 020027 000056 001002 010501
0002000 005000 110067 017214 010100 012605 012603 012602 000207
0002020 010003 010500 004767 177210 062700 000141 020327 000142
0002040 001402 062700 000012 010004 012605 012603 012602 062716
0002060 000002 000207 116700 017132 001403 105067 017124 000207
0002100 005367 020134 002410 117700 020132 005267 020126 042700
0002120 177600 001766 000207 116700 017064 001421 104403 012110
0002140 001000 103410 005700 001406 010067 020064 012767 012110
0002160 020062 000746 116700 017026 105067 017022 104406 105367
0002200 020044 003003 012700 000004 000207 005767 020024 001405
0002220 004567 176110 000151 000167 175706 016700 020012 005720
0002240 011067 003310 010067 020000 105267 016744 104400 005532
0002260 103007 016700 003266 004567 175700 005077 000167 175640
0002300 110067 016712 012767 000001 017724 010446 010146 012704
0002320 000005 004767 176154 017701 017716 112104 001403 004767
0002340 176140 000773 012704 177777 004767 176126 012601 012604
0002360 000647 016704 017666 001403 005067 017660 000207 004767
0002400 000006 004767 176074 000207 004767 177450 010004 116001
0002420 005244 003041 000171 002436 002500 002440 002370 002504
0002440 002550 002646 002542 002506 002622 002532 002504 002656
0002460 004767 177400 012701 002466 120021 001403 105721 001374
0002500 000207 111104 000207 027457 016474 017076 017445 000000
0002520 012704 000037 000207 110067 016470 020127 000060 103403
0002540 020127 000071 101402 000167 176540 004767 177124 000413
0002560 000207 004767 000174 000407 004767 000166 010046 004767
0002600 000160 000300 052600 010067 017444 012704 000001 004767
0002620 175660 016704 017430 004767 175650 012704 000001 005726
0002640 000207 004767 177216 010004 020027 000004 001403 020027
0002660 000012 001367 000207 004567 175442 000147 000645 012704
0002700 000074 004767 175574 005067 017344 004767 000044 005701
0002720 001010 010004 052704 000400 004767 175546 005267 017316
0002740 000764 012704 177777 004767 175530 012704 000074 005726
0002760 000207 004767 177076 020027 000004 001430 020027 000012
0003000 001425 005001 020027 000134 001014 004767 177046 012702
0003020 003046 122200 001403 105722 100374 000207 112200 005001
0003040 000207 020027 000076 001001 005201 000207 004567 175254
0003060 000074 000167 175052 005156 004564 002145 000060 006562
0003100 003141 015560 177400 010400 004567 175352 000000 000200
0003120 000413 020027 000074 001002 000167 000336 004767 001162
0003140 062767 000002 002516 000207 111400 020027 000024 001766
0003160 004567 175302 000005 000036 000761 010046 004767 177162
0003200 012600 006300 000170 003156 003326 003410 003326 003410
0003220 003410 003326 003326 003326 003352 003424 003452 003466
0003240 003502 003530 003532 003114 003566 003566 003566 003326
0003260 003366 003624 003114 003114 003254 003262 012746 000004
0003300 000402 012746 000006 004767 001010 020367 002344 001010
0003320 166702 002340 002005 020227 177402 002402 012716 000002
0003340 062667 002320 000207 004767 000340 020427 000054 001403
0003360 004767 000642 000207 004767 176770 004767 000314 062767
0003400 000002 002260 000207 004767 000710 020427 000054 001402
0003420 004767 000602 004767 176732 004767 000666 062767 000002
0003440 002222 000207 004767 000652 005267 002210 020427 000054
0003460 001003 004767 176674 000766 000207 066767 016560 002164
0003500 004767 176656 000207 005267 002152 042767 000001 002144
0003520 000207 004767 000574 005703 001003 004567 174576 000125
0003540 005702 001002 005267 016472 000207 020427 000200 103412
0003560 152714 000040 004767 176572 020427 000054 001003 004767
0003600 176560 000763 000207 016701 002050 006301 016761 002044
0003620 013116 016067 013050 002034 006200 162700 000023 010067
0003640 002020 000207 020427 000200 103414 052714 000040 004767
0003660 176500 020427 000054 001005 004767 176466 004767 000422
0003700 000207 004567 174426 000170 000207 020427 000050 001447
0003720 020427 000055 001466 020427 000044 001507 020427 000052
0003740 001515 004767 000354 020427 000050 001015 004767 176402
0003760 004767 000336 004767 000246 004767 000302 062767 000002
0004000 001662 005000 000207 020327 000024 001004 004767 000216
0004020 005000 000207 062767 000002 001632 005000 000207 004767
0004040 176320 004767 000254 004767 000224 004767 000160 020427
0004060 000053 001004 004767 176272 005000 000207 012700 000002
0004100 000207 004767 176254 020427 000050 001405 010467 016134
0004120 012704 000055 000706 004767 176230 004767 000164 004767
0004140 000134 004767 000070 005000 000207 004767 176204 004767
0004160 000140 062767 000002 001474 005000 000207 004767 176162
0004200 020427 000052 001003 004567 174122 000052 004767 177472
0004220 060067 001440 000207 004567 174102 000141 000207 020227
0004240 000007 101006 020327 000001 001405 020327 000004 101002
0004260 004767 177742 000207 004567 174042 000145 000207 020427
0004300 000051 001404 004567 174024 000051 000207 004767 176042
0004320 000207 010546 012746 000053 005067 015716 005002 012703
0004340 000001 000402 004767 176012 010400 004567 174110 000000
0004360 000177 000401 000404 111400 016401 000002 000533 020427
0004400 000141 103420 020427 000153 103012 116400 012747 006304
0004420 016402 005300 100117 004567 173702 000146 000513 005003
0004440 005002 000510 012701 004464 022104 001412 005721 001374
0004460 005767 015566 001002 004767 177574 005726 012605 000207
0004500 000171 000000 000053 004554 000055 004554 000052 004554
0004520 000057 004554 000046 004554 000037 004554 000035 004554
0004540 000036 004554 000045 004554 000133 004604 000136 004554
0004560 000001 004572 000041 004554 000000 000000 121627 000053
0004600 001402 004767 177460 110416 000655 016701 015440 012700
0004620 000001 000420 010246 010346 004767 175526 004767 177462
0004640 020427 000135 001403 004567 173462 000135 010300 010201
0004660 012603 012602 005267 015362 012705 004672 021625 001403
0004700 005725 001374 000531 000175 000000 000053 005024 000055
0004720 005036 000052 005076 000057 005112 000037 005064 000046
0004740 005050 000035 004770 000036 004756 000045 005002 000041
0004760 005134 000136 004752 000000 000000 010003 000475 005401
0005000 001403 005201 000241 006002 004567 000164 000000 072201
0005020 000463 004567 000152 000000 010146 010201 005000 071026
0005040 010102 000452 004567 000130 000000 060102 000445 004567
0005060 000116 000001 160102 000440 004567 000104 000000 005101
0005100 040102 000432 004567 000070 000000 050102 000425 004567
0005120 000056 000000 070102 010102 000417 004567 000042 000000
0005140 010146 010201 005000 071026 010002 000406 004567 000020
0005160 000000 005101 060102 000400 012716 000053 000167 177144
0005200 010046 050316 042716 177737 042700 177740 042703 177740
0005220 020003 003403 010046 010300 012603 005700 001407 005725
0005240 001407 020003 001005 012703 000001 000402 005725 005003
0005260 052603 000205 172364 172364 172376 172364 167364 172376
0005300 167364 172364 172364 172364 172364 172364 172364 172364
0005320 172364 172364 170356 172362 170360 173360 170360 170360
0005340 170360 175056 030460 031462 032464 033466 034470 177360
0005360 170000 172364 040764 041502 042504 043506 044510 045512
0005400 046514 047516 050520 051522 052524 053526 054530 170132
0005420 170354 057760 060764 061542 062544 063546 064550 065552
0005440 066554 067556 070560 071562 072564 073566 074570 172172
0005460 172352 172176 104404 022244 000000 000136 005541 005554
0005500 005567 000147 000000 104404 000000 000000 104404 000000
0005520 000002 104422 000000 021216 104410 000000 000444 020146
0005540 074170 074170 000012 104421 022310 104405 000000 000000
0005560 027400 066564 027560 072141 030555 000141 072057 070155
0005600 060457 066564 060462 027400 066564 027560 072141 031555
0005620 000141 177777 177777 177777 177777 177777 177777 177777
0005640 177777 177777 177777 021216 022244 000056 000000 000000
0005660 000000 000002 000000 027056 000000 000000 000000 000001
0005700 000000 030162 000000 000000 000000 000024 000000 030562
0005720 000000 000000 000000 000024 000001 031162 000000 000000
0005740 000000 000024 000002 031562 000000 000000 000000 000024
0005760 000003 032162 000000 000000 000000 000024 000004 032562
0006000 000000 000000 000000 000024 000005 070163 000000 000000
0006020 000000 000024 000006 061560 000000 000000 000000 000024
0006040 000007 074145 072151 000000 000000 000001 000001 067546
0006060 065562 000000 000000 000001 000002 062562 062141 000000
0006100 000000 000001 000003 071167 072151 000145 000000 000001
0006120 000004 070157 067145 000000 000000 000001 000005 066143
0006140 071557 000145 000000 000001 000006 060567 072151 000000
0006160 000000 000001 000007 071143 060545 000164 000000 000001
0006200 000010 064554 065556 000000 000000 000001 000011 067165
0006220 064554 065556 000000 000001 000012 074145 061545 000000
0006240 000000 000001 000013 064143 064544 000162 000000 000001
0006260 000014 064564 062555 000000 000000 000001 000015 060555
0006300 062153 071151 000000 000001 000016 064143 067555 000144
0006320 000000 000001 000017 064143 073557 000156 000000 000001
0006340 000020 071142 060545 000153 000000 000001 000021 072163
0006360 072141 000000 000000 000001 000022 062563 065545 000000
0006400 000000 000001 000023 062564 066154 000000 000000 000001
0006420 000024 067555 067165 000164 000000 000001 000025 066565
0006440 072557 072156 000000 000001 000026 062563 072564 062151
0006460 000000 000001 000027 062547 072564 062151 000000 000001
0006500 000030 072163 066551 000145 000000 000001 000031 071546
0006520 060564 000164 000000 000001 000034 062155 072141 000145
0006540 000000 000001 000036 072163 074564 000000 000000 000001
0006560 000037 072147 074564 000000 000000 000001 000040 064556
0006600 062543 000000 000000 000001 000042 064563 067147 066141
0006620 000000 000001 000060 067555 000166 000000 000000 000013
0006640 010000 067555 061166 000000 000000 000013 110000 066543
0006660 000160 000000 000000 000013 020000 066543 061160 000000
0006700 000000 000013 120000 064542 000164 000000 000000 000013
0006720 030000 064542 061164 000000 000000 000013 130000 064542
0006740 000143 000000 000000 000013 040000 064542 061143 000000
0006760 000000 000013 140000 064542 000163 000000 000000 000013
0007000 050000 064542 061163 000000 000000 000013 150000 062141
0007020 000144 000000 000000 000013 060000 072563 000142 000000
0007040 000000 000013 160000 071142 000000 000000 000000 000006
0007060 000400 067142 000145 000000 000000 000006 001000 062542
0007100 000161 000000 000000 000006 001400 063542 000145 000000
0007120 000000 000006 002000 066142 000164 000000 000000 000006
0007140 002400 063542 000164 000000 000000 000006 003000 066142
0007160 000145 000000 000000 000006 003400 070142 000154 000000
0007200 000000 000006 100000 066542 000151 000000 000000 000006
0007220 100400 064142 000151 000000 000000 000006 101000 066142
0007240 071557 000000 000000 000006 101400 073142 000143 000000
0007260 000000 000006 102000 073142 000163 000000 000000 000006
0007300 102400 064142 071551 000000 000000 000006 103000 062542
0007320 000143 000000 000000 000006 103000 061542 000143 000000
0007340 000000 000006 103000 066142 000157 000000 000000 000006
0007360 103400 061542 000163 000000 000000 000006 103400 062542
0007400 000163 000000 000000 000006 103400 061152 000162 000000
0007420 000000 000035 000400 067152 000145 000000 000000 000036
0007440 001000 062552 000161 000000 000000 000036 001400 063552
0007460 000145 000000 000000 000036 002000 066152 000164 000000
0007500 000000 000036 002400 063552 000164 000000 000000 000036
0007520 003000 066152 000145 000000 000000 000036 003400 070152
0007540 000154 000000 000000 000036 100000 066552 000151 000000
0007560 000000 000036 100400 064152 000151 000000 000000 000036
0007600 101000 066152 071557 000000 000000 000036 101400 073152
0007620 000143 000000 000000 000036 102000 073152 000163 000000
0007640 000000 000036 102400 064152 071551 000000 000000 000036
0007660 103000 062552 000143 000000 000000 000036 103000 061552
0007700 000143 000000 000000 000036 103000 066152 000157 000000
0007720 000000 000036 103400 061552 000163 000000 000000 000036
0007740 103400 062552 000163 000000 000000 000036 103400 066143
0007760 000162 000000 000000 000015 005000 066143 061162 000000
0010000 000000 000015 105000 067543 000155 000000 000000 000015
0010020 005100 067543 061155 000000 000000 000015 105100 067151
0010040 000143 000000 000000 000015 005200 067151 061143 000000
0010060 000000 000015 105200 062544 000143 000000 000000 000015
0010100 005300 062544 061143 000000 000000 000015 105300 062556
0010120 000147 000000 000000 000015 005400 062556 061147 000000
0010140 000000 000015 105400 062141 000143 000000 000000 000015
0010160 005500 062141 061143 000000 000000 000015 105500 061163
0010200 000143 000000 000000 000015 005600 061163 061143 000000
0010220 000000 000015 105600 071564 000164 000000 000000 000015
0010240 005700 071564 061164 000000 000000 000015 105700 067562
0010260 000162 000000 000000 000015 006000 067562 061162 000000
0010300 000000 000015 106000 067562 000154 000000 000000 000015
0010320 006100 067562 061154 000000 000000 000015 106100 071541
0010340 000162 000000 000000 000015 006200 071541 061162 000000
0010360 000000 000015 106200 071541 000154 000000 000000 000015
0010400 006300 071541 061154 000000 000000 000015 106300 066552
0010420 000160 000000 000000 000015 000100 073563 061141 000000
0010440 000000 000015 000300 071552 000162 000000 000000 000007
0010460 004000 072162 000163 000000 000000 000010 000200 074563
0010500 000163 000000 000000 000011 104400 066143 000143 000000
0010520 000000 000001 000241 066143 000166 000000 000000 000001
0010540 000242 066143 000172 000000 000000 000001 000244 066143
0010560 000156 000000 000000 000001 000250 062563 000143 000000
0010600 000000 000001 000261 062563 000166 000000 000000 000001
0010620 000262 062563 000172 000000 000000 000001 000264 062563
0010640 000156 000000 000000 000001 000270 063143 061543 000000
0010660 000000 000001 170000 062563 063164 000000 000000 000001
0010700 170001 062563 062164 000000 000000 000001 170011 062563
0010720 064564 000000 000000 000001 170002 062563 066164 000000
0010740 000000 000001 170012 066143 063162 000000 000000 000015
0010760 170400 062556 063147 000000 000000 000015 170700 061141
0011000 063163 000000 000000 000015 170600 071564 063164 000000
0011020 000000 000015 170500 067555 063166 000000 000000 000012
0011040 172400 067555 064566 000146 000000 000014 177000 067555
0011060 063166 000151 000000 000005 175400 067555 067566 000146
0011100 000000 000014 177400 067555 063166 000157 000000 000005
0011120 176000 062141 063144 000000 000000 000014 172000 072563
0011140 063142 000000 000000 000014 173000 072555 063154 000000
0011160 000000 000014 171000 064544 063166 000000 000000 000014
0011200 174400 066543 063160 000000 000000 000014 173400 067555
0011220 063144 000000 000000 000014 171400 067555 064566 000145
0011240 000000 000014 176400 067555 062566 000151 000000 000005
0011260 175000 062154 070146 000163 000000 000015 170100 072163
0011300 070146 000163 000000 000015 170200 071146 000060 000000
0011320 000000 000024 000000 071146 000061 000000 000000 000024
0011340 000001 071146 000062 000000 000000 000024 000002 071146
0011360 000063 000000 000000 000024 000003 071146 000064 000000
0011400 000000 000024 000004 071146 000065 000000 000000 000024
0011420 000005 066141 000163 000000 000000 000030 072000 066141
0011440 061563 000000 000000 000030 073000 070155 000171 000000
0011460 000000 000030 070000 072555 000154 000000 000000 000030
0011500 070000 064544 000166 000000 000000 000030 071000 071541
0011520 000150 000000 000000 000030 072000 071541 061550 000000
0011540 000000 000030 073000 073144 000144 000000 000000 000030
0011560 071000 067570 000162 000000 000000 000007 074000 074163
0011600 000164 000000 000000 000015 006700 060555 065562 000000
0011620 000000 000011 006400 067563 000142 000000 000000 000031
0011640 077000 061056 072171 000145 000000 000016 000000 062456
0011660 062566 000156 000000 000020 000000 064456 000146 000000
0011700 000000 000021 000000 062456 062156 063151 000000 000022
0011720 000000 063456 067554 066142 000000 000023 000000 072056
0011740 074145 000164 000000 000025 000000 062056 072141 000141
0011760 000000 000026 000000 061056 071563 000000 000000 000027
0012000 000000 061456 066557 000155 000000 000032 000000 104460
0012020 000002 000001 006000 103403 104460 000002 000120 010605
0012040 012500 127527 000002 000055 001003 005725 005300 000402
0012060 005067 173416 110067 010156 010567 010154 004567 166152
0012100 005541 110067 007106 004567 166140 005554 110067 007077
0012120 004767 000004 000167 165674 012701 005632 005003 012702
0012140 000010 010146 112104 001403 060403 000303 077205 005002
0012160 071227 003021 073227 000001 062703 013132 160203 020327
0012200 013132 101002 062703 006042 005743 001370 012601 010113
0012220 062701 000014 020127 011776 103741 000207 000000 000000
0012240 000000
0013120 000000 000000 000000 000000 000000 000005 000000 000003
0013140 000000 000007 000000 000006 000000 000000 000007 000000
0013160 000000 000007 000000 000000 000007 000000 000000 000003
0013200 000004 000000 000000 000005 000005 000000 000006 000005
0013220 000000 000004 000000 000000 000000 000002 000004 000000
0013240 000002 000000 000003 000000 000000 000004 000000 000004
0013260 000000 000004 000000 000000 000000 000000 000000 000000
0013300 000000 000000 000000 000000 000005 000000 000000 000000
0013320 000000 000000 000000 000005 000000 000000 000000 000004
0013340 000000 000005 000000 000000 000000 000004 000000 000000
0013360 000000 000000 000000 000000 000005 000000 000004 000000
0013400 000000 000005 000000 000004 000000 000000 000000 000000
0013420 000000 000000 000000 000000 000000 000000 000000 000003
0013440 000000 000000 000000 000007 000000 000000 000000 000000
0013460 000007 000000 000000 000000 000007 000000 000007 000000
0013500 000003 000000 000000 000000 000000 000000 000007 000000
0013520 000005 000000 000004 000000 000000 000000 000000 000000
0013540 000000
0013560 000004 000000 000000 000000 000000 000000 000000 000000
0013600 000000 000000 000000 000000 000000 000000 000007 000000
0013620 000000 000000 000000 000000 000005 000000 000000 000005
0013640 000000 000005 000006 000000 000000 000006 000005 000000
0013660 000007 000000 000006 000000 000000 000000 000003 000000
0013700 000003 000000 000000 000007 000000 000000 000000 000000
0013720 000000 000000 000000 000000 000007 000000 000000 000000
0013740 000000 000007 000000 000000 000000 000003 000000 000000
0013760 000000 000000 000000 000000 000000 000007 000000 000000
0014000 000003 000000 000000 000000 000000 000000 000000 000000
0014020 000000 000000 000003 000000 000000 000000 000000 000000
0014040 000000 000003 000000 000000 000005 000000 000005 000000
0014060 000000 000000 000007 000000 000003 000000 000005 000006
0014100 000000 000000 000005 000007 000000 000005 000007 000000
0014120 000007 000000 000005 000004 000000 000007 000000 000006
0014140 000000 000000 000000 000003 000000 000003 000000 000000
0014160 000000 000000 000000 000003 000000 000000 000000 000004
0014200 000000 000000 000000 000000 000005 000000 000000 000000
0014220 000000
0014240 000000 000003 000000 000000 000000 000005 000000 000000
0014260 000000 000000 000000 000000 000000 000007 000000 000000
0014300 000000 000000 000000 000007 000000 000000 000003 000000
0014320 000000 000000 000003 000000 000000 000003 000000 000000
0014340 000003 000000 000000 000003 000000 000000 000000 000000
0014360 000000 000003 000000 000000 000000 000000 000000 000000
0014400 000000
0014420 000000 000000 000000 000000 000000 000000 000000 000006
0014440 000000
0014460 000000 000000 000000 000000 000007 000000 000003 000000
0014500 000002 000000 000000 000000 000000 000000 000000 000000
0014520 000000 000007 000000 000000 000000 000000 000000 000005
0014540 000000 000000 000000 000000 000000 000000 000006 000000
0014560 000000 000006 000000 000000 000000 000000 000006 000000
0014600 000000
0014620 000000 000000 000000 000005 000000 000000 000006 000000
0014640 000000 000000 000000 000005 000000 000000 000000 000005
0014660 000000 000004 000000 000000 000000 000000 000000 000000
0014700 000000 000000 000005 000000 000000 000000 000000 000000
0014720 000000 000000 000006 000000 000000 000006 000000 000000
0014740 000000 000000 000000 000000 000000 000000 000004 000000
0014760 000000 000000 000000 000000 000000 000000 000003 000000
0015000 000000
0015020 000000 000000 000000 000003 000000 000003 000000 000000
0015040 000000
0015100 000000 000000 000000 000000 000000 000000 000007 000000
0015120 000000 000000 000000 000000 000000 000000 000000 000003
0015140 000000
0015160 000000 000000 000000 000000 000000 000000 000000 000007
0015200 000000 000000 000007 000000 000000 000007 000000 000000
0015220 000007 000000 000007 000000 000000 000000 000000 000000
0015240 000007 000000 000000 000004 000000 000000 000000 000000
0015260 000000 000007 000000 000004 000007 000000 000000 000007
0015300 000000 000007 000000 000000 000007 000000 000000 000000
0015320 000000 000000 000007 000000 000000 000003 000000 000000
0015340 000003 000000 000007 000000 000000 000005 000000 000007
0015360 000000 000007 000000 000004 000000 000000 000005 000000
0015400 000003 000000 000000 000003 000000 000007 000000 000000
0015420 000007 000000 000000 000000 000000 000000 000003 000000
0015440 000007 000000 000000 000000 000003 000000 000000 000000
0015460 000000 000003 000000 000000 000000 000000 000007 000000
0015500 000000 000007 000000 000000 000003 000000 000003 000000
0015520 000000 000003 000000 000000 000002 000000 000000 000002
0015540 000002
0015560 000002 000002 000002 000002 000000 000003 000000 000002
0015600 000000
0015640 000007 000000 000000 000000 000000 000000 000000 000000
0015660 000003 000000 000003 000000 000000 000000 000003 000000
0015700 000000 000003 000000 000000 000003 000000 000000 000000
0015720 000007 000000 000000 000000 000003 000000 000007 000000
0015740 000003 000000 000000 000000 000000 000000 000003 000000
0015760 000000
0016000 000003 000000 000000 000000 000000 000000 000003 000000
0016020 000007 000000 000003 000000 000000 000000 000000 000000
0016040 000000 000003 000000 000007 000000 000000 000000 000000
0016060 000003 000000 000000 000000 000000 000000 000003 000000
0016100 000000
0016120 000000 000000 000003 000000 000002 000000 000000 000000
0016140 000000
0016160 000000 000000 000000 000003 000000 000000 000003 000000
0016200 000000
0016220 000000 000003 000000 000000 000000 000000 000000 000000
0016240 000000 000003 000000 000003 000000 000000 000005 000000
0016260 000000 000000 000000 000000 000000 000003 000000 000000
0016300 000000 000000 000000 000003 000000 000000 000000 000002
0016320 000002
0016400 000002 000002 000000 000000 000000 000000 000000 000000
0016420 000003 000000 000005 000000 000000 000005 000000 000000
0016440 000000 000000 000000 000000 000000 000005 000000 000000
0016460 000003 000000 000000 000000 000000 000003 000000 000000
0016500 000003 000000 000003 000000 000000 000005 000000 000000
0016520 000003 000000 000000 000000 000000 000003 000000 000003
0016540 000000 000003 000000 000000 000005 000000 000000 000003
0016560 000000 000005 000000 000000 000000 000000 000003 000000
0016600 000000 000000 000007 000005 000000 000003 000000 000000
0016620 000005 000000 000000 000005 000000 000000 000003 000000
0016640 000000 000000 000003 000000 000000 000000 000000 000007
0016660 000000 000000 000000 000000 000000 000000 000000 000003
0016700 000000 000000 000000 000000 000003 000000 000000 000000
0016720 000005 000000 000000 000005 000006 000000 000006 000005
0016740 000000 000000 000000 000000 000005 000000 000000 000000
0016760 000000 000000 000000 000000 000003 000000 000000 000000
0017000 000000 000003 000000 000003 000000 000000 000003 000000
0017020 000000
0017040 000000 000000 000000 000000 000000 000000 000003 000000
0017060 000000 000000 000000 000003 000000 000003 000000 000003
0017100 000000 000003 000000 000000 000005 000000 000000 000000
0017120 000000 000000 000000 000003 000000 000000 000000 000000
0017140 000005 000000 000000 000000 000003 000000 000003 000000
0017160 000003 000000 000003 000000 000000 000000 000000 000003
0017200 000000 000000 000000 000000 000000 000000 000003 000000
0017220 000000 000000 000000 000007 000000 000000 000000 000000
0017240 000003 000000 000003 000000 000003 000000 000003 000000
0017260 000000 000000 000003 000000 000003 000000 000000 000005
0017300 000000 000000 000000 000003 000000 000000 000000 000000
0017320 000003 000000 000000 000003 000000 000005 000000 000000
0017340 000003 000000 000000 000000 000000 000000 000000 000000
0017360 000000 000000 000000 000000 000000 000003 000000 000000
0017400 000003 000000 000000 000000 000000 000000 000000 000003
0017420 000000 000000 000000 000003 000000 000000 000000 000000
0017440 000000 000007 000000 000000 000000 000000 000000 000003
0017460 000000 000000 000003 000000 000000 000000 000000 000000
0017500 000000
0017520 000000 000000 000006 000000 000000 000004 000000 000000
0017540 000003 000000 000000 000000 000000 000000 000000 000002
0017560 000000 000000 000000 000000 000000 000007 000000 000000
0017600 000003 000000 000000 000000 000000 000000 000000 000002
0017620 000000 000002 000000 000002 000000 000002 000000 000002
0017640 000000 000002 000000 000002 000000 000002 000000 000002
0017660 000000 000002 000000 000002 000000 000002 000000 000002
0017700 000000 000000 000000 000000 000000 000000 000003 000000
0017720 000000 000000 000007 000000 000000 000000 000000 000000
0017740 000000 000003 000000 000003 000000 000000 000000 000000
0017760 000003 000000 000000 000000 000000 000000 000000 000007
0020000 000000 000002 000000 000000 000000 000000 000000 000000
0020020 000000 000000 000002 000000 000002 000000 000002 000000
0020040 000002 000000 000002 000000 000002 000000 000002 000000
0020060 000002 000000 000002 000000 000002 000000 000002 000000
0020100 000000
0020120 000000 000003 000000 000000 000000 000000 000003 000000
0020140 000000 000000 000000 000000 000000 000000 000000 000003
0020160 000000 000000 000000 000000 000003 000000 000000 000000
0020200 000000 000003 000000 000000 000000 000000 000000 000003
0020220 000000 000000 000000 000000 000003 000000 000000 000000
0020240 000000 000000 000003 000000 000000 000000 000000 000000
0020260 000000 000000 000000 000003 000000 000000 000000 000000
0020300 000000 000000 000000 000003 000000 000000 000000 000000
0020320 000000
0020560 000000 000000 000000 000000 000000 000000 000000 000006
0020600 000000 000002 000004 000004 000004 000002 000000 000000
0020620 000000 000000 000000 000000 000000 000000 000000 000006
0020640 000000
0020660 000006 000000 000000 000000 000000 000000 000000 000000
0020700 000000
0020740 000000 000000 000000 000000 000000 000000 000000 000006
0020760 000006 000000 000000 000000 000000 000000 000000 000000
0021000 000000
0025140 000000 000000 000002 000000 000000 000000 000000 000000
0025160 000000 000000 000000 000000 000000 000005 000000 000007
0025200 000000 000007 000000 000003 000004 000000 000007 000000
0025220 000003 000004 000000 000007 000000 000005 000000 000003
0025240 000000 000004 000000 000000 000000 000000 000000 000000
0025260 000000
0025300 000000 000006 000000 000000 000006 000000 000000 000000
0025320 000000 000000 000000 000000 000000 000000 000000 000004
0025340 000000
0026240 067151 064544 000162 000000 000001 000000 072163 071141
0026260 000164 000000 000003 011776 067547 000000 000000 000000
0026300 000002 000004 071541 062563 000155 000000 000002 000542
0026320 067560 000146 000000 000000 000004 021174 072557 061164
0026340 063165 000000 000004 021216 061146 064546 000154 000000
0026360 000004 021177 071145 063162 063554 000000 000004 021201
0026400 062541 064570 000164 000000 000002 000120 061546 062562
0026420 072141 000000 000002 000232 027141 066564 031560 000000
0026440 000003 005567 074563 062555 062156 000000 000003 005630
0026460 071565 066571 060564 000142 000004 022244 064546 062554
0026500 071162 000000 000002 000152 027141 066564 030560 000000
0026520 000003 005541 027141 066564 031160 000000 000003 005554
0026540 067165 066147 061157 000000 000003 005462 070146 071541
0026560 031163 000000 000002 000136 071145 067562 000162 000000
0026600 000002 000314 072543 060562 063562 000000 000004 022230
0026620 064554 062556 000000 000000 000004 022216 062542 073564
0026640 067145 000000 000002 000446 072560 073564 000000 000000
0026660 000002 000462 063151 066146 000147 000000 000004 022222
0026700 061157 063165 000160 000000 000003 005626 062562 062141
0026720 070157 000000 000002 002342 064143 061545 062553 071557
0026740 000002 001242 060545 067554 070157 000000 000002 001124
0026760 060563 067566 000160 000000 000004 022234 070157 064554
0027000 062556 000000 000002 003066 067544 000164 000000 000000
0027020 000003 005644 072556 073155 066141 000000 000004 022236
0027040 061146 064143 061545 000153 000002 001220 067544 071164
0027060 066145 000000 000003 005642 072543 063162 071142 000000
0027100 000004 013110 074156 063164 000142 000000 000004 022240
0027120 072543 063162 000142 000000 000003 005602 074145 071160
0027140 071545 000000 000002 004302 071541 062563 030555 000000
0027160 000002 001214 067162 066541 000145 000000 000002 001272
0027200 074563 061155 066157 000000 000004 021204 064143 000000
0027220 000000 000000 000004 021202 061562 000150 000000 000000
0027240 000002 002044 064143 071141 060564 000142 000002 005244
0027260 071550 071550 075151 000000 000001 003021 071550 072150
0027300 061141 000000 000004 013132 067145 000144 000000 000000
0027320 000004 022310 074563 072155 061141 000000 000003 005632
0027340 072556 061155 071145 000000 000002 001662 067151 063142
0027360 067143 000164 000004 022220 067151 063142 000160 000000
0027400 000004 022224 064546 000156 000000 000000 000004 021176
0027420 067151 072542 000146 000000 000003 012110 060556 063562
0027440 000163 000000 000004 022226 064546 062554 066146 000147
0027460 000004 021200 071137 060545 067544 000160 000002 002374
0027500 062162 060556 062555 000000 000002 002506 064546 067570
0027520 000162 000000 000002 002500 071545 070143 000000 000000
0027540 000002 002440 062562 071164 060545 000144 000002 002504
0027560 070544 067565 062564 000000 000002 002550 060547 061162
0027600 000000 000000 000002 002646 070563 067565 062564 000000
0027620 000002 002542 065563 070151 000000 000000 000002 002622
0027640 062162 072556 000155 000000 000002 002532 072163 064562
0027660 063556 000000 000002 002656 071545 072143 061141 000000
0027700 000002 002466 071562 064143 000000 000000 000002 002742
0027720 061563 060550 000162 000000 000002 003046 070170 000162
0027740 000000 000000 000002 003114 070157 030554 000067 000000
0027760 000002 003452 070157 030554 000063 000000 000002 003326
0030000 070157 033154 000000 000000 000002 003410 070157 033554
0030020 000000 000000 000002 003326 070157 030554 000060 000000
0030040 000002 003410 070157 030554 000061 000000 000002 003410
0030060 070157 030554 000065 000000 000002 003352 070157 030554
0030100 000066 000000 000002 003424 070157 031154 000060 000000
0030120 000002 003466 070157 031154 000061 000000 000002 003502
0030140 070157 031154 000062 000000 000002 003530 070157 031154
0030160 000063 000000 000002 003532 070157 031154 000065 000000
0030200 000002 003566 070157 031154 000066 000000 000002 003566
0030220 070157 031154 000067 000000 000002 003566 070157 031554
0030240 000061 000000 000002 003366 070157 031554 000062 000000
0030260 000002 003624 070157 031554 000065 000000 000002 003254
0030300 070157 031554 000066 000000 000002 003262 062141 071144
0030320 071545 000000 000002 003672 070157 000062 000000 000000
0030340 000002 003332 071145 067562 060562 000000 000002 004206
0030360 060563 062166 072157 000000 000004 013122 066141 000160
0030400 000000 000000 000002 004016 066541 067151 000000 000000
0030420 000002 004062 062141 066157 000154 000000 000002 004132
0030440 071541 060564 000162 000000 000002 004154 062547 074164
0030460 000000 000000 000002 003722 064143 061545 071153 063545
0030500 000002 004216 064143 061545 071153 000160 000002 004256
0030520 071145 067562 062562 000000 000002 004246 070157 067546
0030540 067165 000144 000004 022232 062141 060566 061556 000000
0030560 000002 004324 070157 060562 062156 000000 000002 004644
0030600 071545 030567 000000 000000 000002 004464 064542 067556
0030620 000160 000000 000002 004554 071142 061541 000153 000000
0030640 000002 004604 074145 072556 000155 000000 000002 004572
0030660 074145 073563 000062 000000 000002 004672 067545 071160
0030700 062156 000000 000002 005150 074145 062141 000144 000000
0030720 000002 005024 074145 072563 000142 000000 000002 005036
0030740 074145 072555 000154 000000 000002 005076 074145 064544
0030760 000166 000000 000002 005112 074145 071157 000000 000000
0031000 000002 005064 074145 067141 000144 000000 000002 005050
0031020 074145 071554 000150 000000 000002 004770 074145 071562
0031040 000150 000000 000002 004756 074145 067555 000144 000000
0031060 000002 005002 074145 067556 000164 000000 000002 005134
0031100 074145 066543 064542 000156 000002 004752 067543 061155
0031120 067151 000000 000002 005160 060556 062555 067544 062556
0031140 000003 005540 072542 061546 072156 000000 000004 013130
0031160 067567 062162 000146 000000 000004 021175 061157 063165
0031200 000143 000000 000004 021214 060545 000145 000000 000000
0031220 000001 000000 067544 062164 072157 000000 000003 005660
0031240 061145 074563 072155 061141 000003 011776 062563 072564
0031260 000160 000000 000003 012110
0031270
